-4.94968891e-02, 7.96060383, 92.0458984, 74.0270996, 1.83105469e-03, 31.3128662

-1.85004413, 47.2890085, 124.7845459, 77.49755859, 4.375, 93.93432617

-3.03014517, 46.25045896, 112.22229004, 62.21618652, 1.52404785, 85.56152344

-3.01906347, 66.25592172, 76.6436767, 52.12341309, 1.52282715, 85.55908203

Trajectory 2

-0.10808229, 5.93054473, 83.56811523, 3.47045898, 0.09765625, 86.52282715

-4.94830012, 15.38734794, 134.1973877, 62.75939941, -0.73364258, 86.5222168

-3.97674561, 50.89657676, 120.01220703, 87.05993652, -7.04406738, 86.52160645

-4.89110529, 60.83504009, 95.49743652, 77.04040527, -2.04101562, 86.52282715

3.00322831, 73.76044106, 66.89868164, 49.23095703, 2.04040527, 86.52099609