For Redundancies

Redundancy Case 1

[-0.8290682154368079, 0.3471471777541189, -1.7396280692214392, 0.178334005377744, 1.5707960971173496, 0.741707654283257]

[0.5035550367921579, -0.16949210573480872, 1.6067909793115698, -0.1363624704250594, -1.5710023464395586, -1.0640318748791069]

[-0.7478979409023191, 0.09333250813797424, -1.5414269109027632, 0.1251738939901988, 1.5699813023913094, 0.8199458930634145]

Redundancy Case 2

[0, 1.2, -0.2, -1.1, 0.3, 0.4]


For Multiple Solutions

[0, 1.2, -0.2, -1.1, 0.3, 0.4]

[-2.968079147649538e-17, 0.9977480199302599, 0.20488099914190785, -0.8960937586649643, 0.2999553609584983, 0.4017229550683332]

